0 6.00 -73.00 
1 6.00 -73.00 
2 6.01 -74.93 
3 6.01 -74.87 
4 6.01 -73.87 
5 6.02 -73.87 
6 6.02 -74.80 
7 6.03 -74.74 
8 6.03 -73.74 
9 6.04 -73.74 
10 6.05 -74.68 
11 6.06 -74.62 
12 6.07 -73.62 
13 6.08 -73.62 
14 6.09 -74.56 
15 6.11 -74.49 
16 6.12 -73.50 
17 6.13 -73.50 
18 6.15 -74.43 
19 6.16 -74.37 
20 6.17 -73.37 
21 6.19 -73.37 
22 6.20 -74.31 
23 6.22 -74.25 
24 6.23 -73.25 
25 6.24 -73.26 
26 6.26 -74.19 
27 6.27 -74.13 
28 6.29 -73.14 
29 6.30 -73.15 
30 6.32 -74.08 
31 6.33 -74.02 
32 6.35 -73.03 
33 6.36 -73.04 
34 6.37 -73.98 
35 6.39 -74.92 
36 6.40 -73.92 
37 6.41 -73.93 
38 6.42 -74.87 
39 6.43 -74.81 
40 6.44 -73.82 
41 6.46 -73.82 
42 11.46 -72.83 
43 23.46 -68.82 
44 34.46 -65.81 
45 48.46 -61.79 
46 59.46 -54.79 
47 71.46 -48.79 
48 83.46 -43.77 
49 97.46 -35.78 
50 110.46 -30.77 
51 122.46 -24.75 
52 137.46 -17.76 
53 149.46 -11.76 
54 162.46 -6.76 
55 177.46 -0.77 
56 190.46 4.24 
57 204.46 10.25 
58 217.46 16.25 
59 230.46 21.26 
60 242.46 26.27 
61 256.46 32.26 
62 270.46 37.27 
63 280.46 41.27 
