0 19.85 -56.81 
1 19.85 -56.81 
2 19.85 -57.75 
3 19.86 -57.70 
4 19.86 -56.70 
5 19.86 -56.70 
6 19.87 -57.65 
7 19.88 -57.60 
8 19.88 -56.59 
9 19.88 -56.59 
10 19.89 -57.54 
11 19.90 -57.49 
12 19.90 -56.48 
13 19.91 -56.48 
14 19.92 -57.43 
15 19.93 -57.37 
16 19.94 -56.37 
17 19.95 -56.37 
18 19.96 -57.31 
19 19.98 -57.26 
20 19.98 -56.26 
21 19.99 -56.25 
22 20.01 -57.20 
23 19.02 -57.15 
24 19.04 -56.15 
25 19.05 -56.15 
26 19.06 -57.09 
27 19.08 -57.04 
28 19.09 -56.04 
29 19.10 -56.04 
30 19.12 -56.98 
31 19.14 -57.93 
32 19.15 -56.93 
33 19.16 -56.93 
34 19.18 -57.88 
35 19.20 -57.83 
36 19.21 -56.83 
37 19.22 -56.83 
38 19.24 -57.77 
39 19.25 -57.72 
40 19.27 -56.72 
41 25.27 -54.72 
42 35.28 -49.71 
43 44.28 -45.70 
44 53.27 -40.68 
45 63.26 -34.68 
46 71.26 -27.68 
47 80.26 -21.68 
48 88.26 -14.67 
49 97.26 -8.67 
50 104.26 -1.67 
51 113.26 4.34 
52 121.26 11.33 
53 129.26 16.33 
54 138.26 22.33 
55 146.25 28.33 
56 154.25 33.34 
57 162.25 39.34 
58 170.25 44.36 
59 177.25 50.38 
60 185.26 55.39 
61 192.26 61.37 
62 200.25 66.35 
63 207.25 70.35 
